RMExample
X Y tol tsName embDim delay dist tsLength samPerSec ini_day ini_hour type
3 14 0.02 TS1 1 0 inf_norm 200 7200 2012-12-07 12:00:00 simple
5 29
11 28
13 30
16 32
31 62
43 55
43 59
44 51
45 48
48 100
49 141
49 154
50 143
53 55
53 59
55 59
57 58
58 150
60 148
60 164
72 73
77 82
79 159
80 81
80 84
80 88
80 158
81 84
81 88
84 88
84 158
86 161
87 156
88 158
94 168
95 102
98 160
103 106
103 169
106 169
113 139
114 168
115 120
123 140
136 175
141 154
153 165
196 199
